Year 1   2   3   4   5   6   7   8   9   10   11   12
1901 69.00   42.70   85.30   88.60   50.40   64.20   47.20   75.60   125.20   118.90   52.50   108.30
1902 73.30   58.20   65.80   54.00   100.80   78.90   62.10   100.80   94.90   73.70   49.30   133.00
1903 110.10   53.00   101.80   139.80   61.20   63.80   100.90   110.60   89.80   167.20   110.40   39.70
1904 84.10   130.70   82.60   36.00   73.40   56.40   52.50   49.70   58.50   73.00   92.30   119.00
1905 76.40   45.50   122.90   53.60   51.80   114.80   84.10   82.70   106.10   100.30   119.80   45.10
1906 160.10   89.70   110.60   49.80   102.00   59.40   66.20   74.60   34.30   79.60   122.40   90.30
1907 65.10   41.90   70.70   70.80   77.50   76.80   86.00   67.80   44.00   97.10   71.50   97.90
1908 56.50   104.90   72.00   67.20   102.90   69.30   84.70   118.20   63.00   2.30   86.60   49.00
1909 64.90   51.50   92.50   68.10   36.10   104.90   130.50   57.50   88.20   102.00   61.60   157.30
1910 132.00   160.10   22.70   50.00   75.20   122.10   158.00   53.00   117.60   39.00   210.20   109.10
1911 41.90   68.10   84.70   46.70   41.90   91.20   28.70   23.90   52.40   96.30   119.00   157.10
1912 95.20   71.50   122.70   24.90   46.60   66.60   47.90   134.90   96.60   111.50   93.00   97.80
1913 133.70   47.30   68.90   67.80   91.10   80.00   93.50   37.70   94.80   72.80   111.00   99.40
1914 114.00   76.30   184.20   57.40   84.90   90.30   76.40   92.30   112.70   43.80   73.10   145.70
1915 171.80   83.30   63.70   72.80   53.20   41.60   107.20   103.40   56.80   30.60   113.60   262.20
1916 110.30   136.20   71.20   94.20   85.00   114.20   67.10   106.80   86.20   115.20   77.20   173.40
1917 102.00   21.00   100.40   68.30   56.10   119.30   93.40   98.60   25.10   170.50   96.00   46.90
1918 130.20   58.20   55.00   101.70   60.10   41.40   99.80   80.50   154.00   74.60   63.30   174.60
1919 100.70   84.40   117.40   98.10   25.20   38.60   111.40   45.90   69.80   53.10   162.20   232.70
1920 216.80   41.60   48.40   111.60   53.10   38.20   105.20   59.50   88.80   43.90   30.00   81.60
1921 124.30   16.80   31.40   29.70   43.30   39.30   13.70   56.40   31.50   23.10   60.30   83.70
1922 148.10   88.90   82.90   127.10   47.40   56.90   106.90   97.90   111.40   68.80   127.60   172.20
1923 96.60   113.00   74.80   56.80   124.40   69.10   69.40   68.60   79.80   222.10   95.20   113.50
1924 61.20   59.20   76.50   114.00   108.30   53.80   110.70   140.90   90.80   125.60   82.30   52.90
1925 125.50   97.30   79.00   74.40   84.90   43.20   92.80   111.20   120.30   97.20   111.90   234.50
1926 90.20   128.50   57.40   43.10   143.70   80.30   79.60   79.10   37.90   172.10   104.60   66.30
1927 91.40   77.40   92.50   88.60   45.20   110.00   107.10   135.20   99.00   32.30   96.70   87.10
1928 115.40   105.30   33.10   126.90   60.20   71.70   47.50   73.20   42.00   142.50   151.20   111.90
1929 42.00   30.20   5.60   58.00   46.10   70.40   92.60   30.30   34.80   187.70   107.70   189.60
1930 74.90   34.50   71.30   62.30   119.40   56.90   203.00   90.30   139.50   141.00   189.70   77.30
1931 207.00   94.80   19.50   90.00   59.20   57.30   120.20   160.30   65.80   72.40   57.00   81.40
1932 88.90   20.50   65.20   121.90   73.50   50.00   116.50   45.20   152.60   219.40   67.70   23.70
1933 36.30   70.40   53.60   21.40   123.60   91.30   50.00   62.40   54.00   94.60   61.80   8.10
1934 108.20   24.30   80.30   64.80   27.50   85.60   36.20   56.90   61.00   113.30   50.20   176.20
1935 111.50   139.00   37.70   140.80   58.40   121.20   17.60   54.00   130.70   108.70   87.80   120.90
1936 169.40   62.00   33.80   118.40   14.80   105.60   143.80   67.40   111.50   96.00   89.80   67.40
1937 171.00   178.30   115.60   137.10   89.80   44.70   49.30   60.70   112.30   48.90   38.70   97.80
1938 207.60   65.80   31.80   28.50   81.70   29.60   84.30   114.60   45.90   96.90   112.30   87.40
1939 166.80   51.00   116.70   91.40   41.50   58.40   72.80   83.60   90.10   199.40   205.40   56.60
1940 54.80   64.90   123.70   110.40   27.90   95.60   125.70   59.90   135.60   39.10   180.80   122.40
1941 101.70   79.70   101.90   43.80   53.30   95.10   66.30   147.50   30.70   132.10   41.70   119.00
1942 85.00   46.30   64.50   31.80   109.30   64.40   162.10   48.10   73.70   122.20   68.50   85.10
1943 128.90   64.10   44.40   87.20   93.40   94.30   88.20   95.50   68.80   43.30   167.70   61.50
1944 132.30   79.00   49.40   39.20   25.30   99.60   100.10   65.70   149.30   140.70   204.30   123.20
1945 91.10   104.50   56.00   75.80   99.20   73.50   55.40   110.10   105.80   37.70   51.70   114.00
1946 95.40   203.10   34.00   58.80   84.00   108.40   66.80   72.60   103.50   51.10   67.10   95.50
1947 56.10   43.20   133.50   98.80   68.90   61.50   82.80   28.90   46.40   32.70   140.10   196.50
1948 233.50   82.00   42.50   111.50   60.00   96.40   145.90   132.80   51.50   40.30   63.90   81.90
1949 58.90   50.40   65.70   51.70   115.20   51.10   16.60   89.00   86.70   70.20   103.40   117.90
1950 85.60   169.40   32.10   123.20   79.50   77.50   79.10   93.40   130.40   44.00   179.40   155.50
1951 137.50   74.00   126.60   98.00   90.30   104.80   64.70   101.20   97.30   21.20   165.20   90.30
1952 193.20   102.00   108.40   24.30   57.40   59.60   60.80   126.70   134.30   109.00   187.90   192.20
1953 41.60   87.30   14.80   74.60   51.80   108.20   116.60   45.70   66.80   30.30   20.30   48.00
1954 106.90   57.40   55.80   46.20   51.80   92.90   111.70   147.40   143.10   101.10   77.10   131.60
1955 119.70   116.40   42.90   25.40   114.80   77.80   63.80   40.10   75.60   56.30   46.80   175.10
1956 131.30   30.90   70.30   72.40   85.20   78.10   85.40   120.30   84.80   116.50   78.30   80.10
1957 75.20   169.70   74.10   32.20   65.30   72.90   123.80   97.40   158.00   45.10   48.40   62.80
1958 136.70   195.10   35.90   69.20   147.60   74.90   69.40   140.80   60.10   96.60   65.80   143.90
1959 114.40   5.50   83.10   76.60   53.70   54.20   42.30   62.40   5.90   63.10   68.50   133.90
1960 95.10   85.60   62.90   37.40   57.30   75.90   121.30   131.60   103.10   118.30   132.10   109.30
1961 174.90   103.90   31.90   100.30   74.80   108.20   95.10   56.90   70.60   133.40   111.30   122.40
1962 135.40   104.60   98.20   89.40   87.00   8.90   98.50   68.70   91.40   29.00   51.40   136.00
1963 56.40   31.90   90.20   33.90   76.60   114.00   30.60   113.80   58.60   74.50   180.00   11.50
1964 49.00   49.50   65.40   48.00   37.00   45.90   32.70   80.50   80.30   111.70   137.50   91.80
1965 181.80   43.30   89.70   111.70   98.80   84.50   104.80   103.60   121.30   29.00   158.80   280.30
1966 93.10   119.70   95.60   113.60   78.30   117.50   117.60   87.80   40.80   132.60   126.30   240.60
1967 64.50   79.40   90.20   51.30   98.70   49.50   61.60   75.70   123.00   124.30   110.40   149.00
1968 144.00   83.70   69.50   39.40   65.20   58.50   104.20   125.80   144.80   61.10   36.90   75.90
1969 71.20   89.20   84.50   97.20   80.60   82.70   45.80   119.20   29.30   5.70   158.00   59.70
1970 93.80   208.60   111.50   105.60   107.90   72.50   104.90   66.00   58.90   85.50   86.70   63.60
1971 97.60   57.50   39.30   38.60   83.40   116.60   38.20   68.10   29.70   42.00   122.90   24.10
1972 64.60   40.10   68.70   84.60   112.10   56.90   115.10   97.90   68.70   35.10   136.90   27.00
1973 46.00   86.20   19.40   77.00   113.30   40.30   93.60   35.50   74.90   87.90   103.50   110.60
1974 81.40   67.10   90.10   23.60   62.60   87.80   87.40   64.20   138.70   189.40   167.10   165.90
1975 108.30   22.90   125.40   65.70   49.30   55.60   67.00   65.40   102.60   19.80   122.30   41.10
1976 110.20   45.50   42.40   26.80   49.60   13.10   73.30   12.10   70.70   70.50   132.60   76.70
1977 117.10   163.30   67.90   99.00   53.70   103.20   80.50   91.90   32.20   60.90   171.50   93.00
1978 96.60   68.50   153.50   45.80   92.00   96.00   95.40   42.20   74.40   26.10   28.10   184.70
1979 71.50   94.60   176.10   97.50   118.20   50.80   31.60   92.10   40.20   70.00   149.60   211.80
1980 87.60   85.20   99.70   51.70   82.60   118.70   180.70   86.10   52.70   113.00   94.40   137.40
1981 152.30   62.40   135.30   70.40   83.10   146.00   82.10   72.00   106.70   200.90   97.00   186.80
1982 125.60   25.60   105.70   51.40   83.30   108.70   48.90   66.80   72.30   185.70   108.90   163.70
1983 134.20   82.60   99.80   146.60   167.80   98.40   38.90   38.40   92.30   53.50   99.90   85.10
1984 219.60   132.40   61.10   40.30   136.00   53.70   62.20   38.10   181.10   136.00   123.10   56.30
1985 86.80   41.20   99.20   98.20   61.40   132.10   61.00   77.40   51.90   21.00   106.40   84.60
1986 188.50   10.20   150.50   91.30   74.40   93.30   67.00   90.10   95.50   126.70   87.30   120.20
1987 64.50   101.80   113.90   48.50   93.70   144.60   142.30   80.70   108.70   160.10   123.60   49.70
1988 190.00   148.60   195.80   29.10   116.50   42.60   129.00   40.20   92.40   117.80   71.10   143.40
1989 42.40   85.90   107.50   161.60   38.30   80.60   63.50   66.70   80.50   91.50   49.10   165.00
1990 91.40   161.80   35.40   59.40   26.20   115.50   53.20   94.60   78.70   89.40   106.80   147.90
1991 119.60   37.00   56.00   54.00   23.00   79.50   83.70   19.50   81.60   57.40   158.40   110.90
1992 53.60   56.80   118.70   57.40   47.90   94.70   86.00   104.10   45.90   113.10   153.80   82.10
1993 140.60   32.60   12.50   48.10   86.60   44.50   118.00   31.50   165.50   118.70   48.10   277.20
1994 153.60   66.50   105.30   72.00   84.50   61.50   64.90   64.90   133.10   80.90   66.30   136.80
1995 240.70   133.10   135.70   71.00   74.30   58.20   75.50   52.40   107.20   54.00   58.70   91.90
1996 15.20   87.40   31.10   16.00   90.40   38.80   67.10   83.60   40.70   95.20   168.80   80.10
1997 31.40   148.30   44.70   40.60   101.10   141.80   76.80   47.30   33.50   85.80   112.50   143.60
1998 106.20   23.40   83.60   144.50   68.60   94.20   54.10   45.80   148.90   230.40   99.10   88.80
1999 143.90   104.10   118.80   77.20   61.10   75.10   75.70   86.20   79.30   77.50   64.10   251.70
2000 75.80   130.70   92.70   71.00   110.80   40.70   180.40   56.30   125.90   114.30   147.30   98.00
2001 146.30   103.30   200.60   129.00   33.10   64.00   105.30   63.60   169.30   89.90   143.20   100.10
2002 70.80   198.20   85.50   60.30   73.50   56.70   97.50   107.10   49.60   143.70   168.70   137.80
2003 156.50   29.80   52.20   56.70   94.80   56.20   61.00   44.30   57.30   109.20   76.70   80.90
2004 204.20   55.10   44.20   57.50   66.30   55.00   103.20   116.40   67.50   114.00   89.90   85.30
2005 89.40   89.30   63.10   78.60   74.00   50.20   103.90   69.10   70.70   76.60   72.80   88.80
2006 41.20   90.20   126.60   62.40   127.10   37.80   27.90   155.10   50.10   124.00   93.10   98.10
2007 126.50   141.00   112.20   6.50   117.30   111.00   121.80   108.40   78.60   45.60   102.40   127.90
2008 114.90   79.00   151.60   85.60   58.80   86.50   104.10   89.80   100.40   107.80   67.70   73.60
2009 84.30   89.20   111.20   52.90   54.90   78.10   117.60   39.50   43.40   92.50   171.30   152.90
2010 71.60   98.40   70.30   23.30   109.30   56.30   74.10   139.20   100.60   64.00   156.90   167.50
2011 117.30   57.50   28.00   24.90   31.50   88.30   75.70   120.40   64.80   60.50   9.70   229.00
2012 157.00   26.60   30.10   84.90   87.60   110.80   119.10   37.30   65.50   124.80   89.00   194.70
2013 78.30   72.00   63.20   70.20   143.80   77.50   56.10   50.90   102.10   144.50   132.10   93.50
2014 93.90   82.40   16.50   29.20   80.70   57.00   154.80   139.30   39.50   109.90   92.80   117.90
2015 168.00   74.10   65.20   57.20   53.00   54.40   41.10   98.50   104.80   49.00   135.30   63.90
2016 157.40   137.90   91.20   93.10   116.10   179.50   65.10   47.30   44.10   71.60   109.50   26.90
2017 75.60   91.10   73.90   16.20   64.00   47.60   99.30   74.80   104.40   59.60   148.70   180.70
2018 172.60   34.80   85.90   63.10   107.00   44.00   21.40   68.30   67.80   38.70   59.20   183.10
2019 111.20   68.70   112.70   60.10   73.90   65.00   49.30   59.00   72.50   130.20   103.90   130.10
2020 69.90   193.80   103.90   30.20   30.90   84.60   29.50   54.60   73.40   119.70   45.10   136.30
2021 180.80   104.30   67.50   47.70   98.90   121.30   162.80   83.10   44.40   87.20   66.40   114.70
2022 109.30   102.50   26.60   59.20   44.20   82.30   14.00   22.80   145.10   95.60   118.90   113.00
2023 136.80   23.10   136.60   85.90   53.50   32.00   122.20   108.80   67.00   138.00   190.50   133.30
2024 135.60   152.60   116.40   77.80   182.60   74.20   113.30   77.90   131.70   123.60   100.70   91.30
2025 218.50   57.20   16.10   59.10   44.20   61.50   90.50   42.70   125.90   105.10   83.90   45.70
