Year 1   2   3   4   5   6   7   8   9   10   11   12
1901 -2.20   -2.90   2.80   8.40   12.30   15.60   18.30   16.50   13.70   8.90   2.30   2.40
1902 2.50   -0.40   4.80   8.60   8.50   14.90   16.20   15.20   12.60   7.40   2.40   0.10
1903 1.10   4.40   6.50   4.60   12.40   14.20   16.00   15.70   13.90   10.10   4.30   0.50
1904 -0.90   2.00   3.60   9.20   12.50   15.10   19.00   16.80   11.80   8.50   3.10   3.70
1905 -1.30   2.10   5.50   6.50   11.40   16.50   18.60   16.30   12.90   5.00   3.00   2.10
1906 1.30   0.70   3.30   7.40   12.30   14.20   16.80   16.90   13.20   10.80   5.80   0.00
1907 -0.30   -0.90   3.90   6.70   12.50   14.20   14.60   16.20   13.80   10.50   4.60   3.30
1908 -2.30   2.00   2.90   5.60   13.30   16.70   16.80   14.90   12.80   8.90   2.40   1.10
1909 -1.30   -1.00   2.60   8.70   11.20   13.40   14.60   16.40   12.70   10.30   2.20   3.10
1910 1.50   3.00   4.70   7.20   11.70   15.90   15.20   16.00   12.40   9.80   2.50   4.80
1911 -1.30   2.10   4.80   7.00   13.10   14.80   19.40   20.00   15.10   9.50   4.90   5.00
1912 0.60   4.20   6.90   7.50   12.30   15.20   17.60   13.80   10.10   7.10   2.80   4.80
1913 1.40   2.20   6.70   8.00   12.30   14.50   14.30   15.30   13.20   10.20   7.00   3.00
1914 -2.70   4.40   5.40   10.10   10.80   14.20   16.80   17.30   13.00   8.50   3.50   4.90
1915 1.00   2.10   3.20   7.00   13.20   16.90   15.90   15.50   12.40   6.60   1.50   5.70
1916 4.40   2.20   4.50   8.20   13.10   12.50   15.70   16.30   12.50   9.10   4.50   3.00
1917 -2.10   -2.50   1.50   4.30   15.20   18.10   17.00   16.20   14.90   7.00   5.20   -0.90
1918 1.20   2.80   4.70   8.00   14.00   13.20   16.60   16.30   13.20   7.80   3.30   5.70
1919 0.80   0.20   3.90   5.50   12.70   15.10   13.90   16.90   14.70   5.80   1.30   3.50
1920 3.00   4.20   7.00   8.90   13.70   15.20   16.60   14.70   13.30   7.90   2.00   2.20
1921 4.60   2.10   6.30   7.90   13.40   15.10   19.20   17.10   14.40   12.00   0.20   2.60
1922 -0.60   0.90   4.40   5.90   13.90   15.70   15.50   15.50   11.70   5.60   2.80   3.80
1923 1.70   3.10   5.90   7.60   11.20   11.60   19.00   16.50   13.30   10.40   2.60   0.90
1924 -0.70   -1.00   3.50   7.00   13.60   15.00   16.70   14.10   13.60   9.70   3.80   3.30
1925 2.60   4.20   2.20   8.10   13.20   15.30   17.70   16.30   11.20   9.10   1.90   1.70
1926 0.90   6.00   5.20   9.60   10.50   13.40   16.70   16.60   15.30   8.30   6.00   1.30
1927 1.90   1.90   6.20   7.80   11.80   14.10   17.00   16.40   13.60   9.00   3.20   -0.40
1928 2.40   3.70   4.50   8.00   10.30   14.50   18.70   16.80   13.00   9.00   6.10   1.80
1929 -3.30   -5.70   4.20   5.20   12.80   14.70   17.70   16.90   16.40   9.50   4.90   5.20
1930 3.50   0.80   4.90   8.60   11.30   17.90   16.00   16.50   13.70   9.30   6.20   2.20
1931 0.90   0.10   2.00   6.60   13.80   16.30   16.50   15.40   10.50   7.80   5.50   1.90
1932 2.30   -1.00   2.60   6.70   11.70   14.90   17.10   19.10   15.30   8.60   4.40   3.30
1933 -1.50   1.40   6.10   8.00   11.50   14.50   18.30   18.00   14.60   9.30   2.80   -2.60
1934 0.70   1.30   4.20   10.10   12.80   15.90   18.30   16.30   15.90   10.00   3.90   6.60
1935 0.10   2.80   4.00   7.20   10.50   16.90   18.10   17.00   14.10   8.60   5.50   1.90
1936 3.60   1.40   6.10   6.20   12.60   15.80   16.20   16.70   13.80   6.90   4.00   3.10
1937 1.80   3.90   3.30   8.10   14.00   16.00   17.10   17.40   13.40   9.80   3.40   1.30
1938 2.20   1.80   7.60   5.60   10.70   16.10   16.30   17.30   14.60   8.80   7.30   0.30
1939 2.80   2.40   3.20   9.00   10.70   16.00   16.50   17.30   13.70   7.10   6.30   0.70
1940 -6.10   -0.50   4.60   8.30   12.50   16.20   15.80   15.10   13.20   8.00   5.40   -0.50
1941 -3.40   1.10   4.90   6.20   9.10   16.40   18.50   15.10   13.50   8.40   3.00   3.10
1942 -5.50   -4.40   4.00   8.60   12.00   15.00   16.30   17.60   15.10   11.30   3.30   3.70
1943 1.50   3.40   6.40   10.00   13.20   14.40   17.60   17.70   13.80   10.20   3.10   1.50
1944 3.00   -0.30   2.10   9.40   11.70   14.10   17.00   19.60   12.90   8.30   4.40   1.90
1945 -4.20   4.90   6.60   9.80   14.20   16.90   18.30   16.50   14.50   10.20   3.40   3.10
1946 -1.40   3.70   4.50   10.10   12.80   14.40   18.00   16.30   14.50   8.30   4.70   -0.20
1947 -2.90   -3.50   4.20   9.90   14.80   17.50   19.40   20.10   16.90   9.10   5.70   2.90
1948 3.90   1.80   7.40   9.40   13.40   15.10   15.90   16.50   13.90   9.20   4.40   3.00
1949 1.80   2.60   3.30   10.80   11.30   14.80   18.50   17.70   17.20   11.20   3.80   4.20
1950 -0.30   4.40   5.90   7.10   13.40   17.90   18.50   17.50   13.20   8.50   4.50   -0.60
1951 2.20   2.70   3.20   6.70   11.30   14.70   16.80   16.30   14.70   7.70   6.60   3.40
1952 0.40   0.60   4.70   10.10   13.00   15.40   18.10   17.30   10.70   7.30   1.70   1.10
1953 -1.20   0.80   5.10   8.60   13.00   15.10   16.60   16.60   13.70   10.20   4.70   4.50
1954 -2.30   -1.30   5.60   6.30   12.20   15.00   14.40   15.50   13.10   10.20   4.90   4.70
1955 -1.00   -0.60   1.50   7.80   10.10   14.70   17.40   17.10   13.60   7.80   4.20   4.00
1956 0.60   -4.90   4.70   5.60   12.40   12.50   16.40   14.00   14.20   8.30   3.00   4.30
1957 0.80   4.40   7.80   8.00   9.80   16.50   17.60   15.20   12.40   9.20   4.40   1.90
1958 0.40   3.10   1.50   5.70   12.30   14.40   16.60   16.80   15.10   9.30   3.90   3.90
1959 0.10   0.40   6.70   9.30   12.90   16.10   19.40   17.60   15.20   9.80   3.70   4.10
1960 0.60   2.10   5.60   8.10   12.90   16.00   15.10   15.60   12.70   9.40   6.10   2.20
1961 0.20   5.20   6.60   10.40   10.50   15.40   15.30   16.10   16.70   10.50   3.50   1.80
1962 1.90   1.20   1.10   7.60   9.40   14.20   15.10   15.80   12.70   9.30   2.60   -1.10
1963 -6.40   -4.40   3.70   8.30   10.90   15.10   17.00   15.10   13.50   8.30   7.10   -1.70
1964 -2.00   2.40   2.10   8.10   13.70   15.90   17.90   16.40   14.20   7.00   4.80   1.70
1965 1.00   -0.60   3.90   6.80   11.40   15.00   14.70   15.10   12.30   8.70   2.00   4.10
1966 -1.90   4.90   4.00   8.50   12.30   16.40   15.20   15.40   13.70   10.60   2.30   3.70
1967 1.20   3.60   5.70   6.60   11.90   14.30   18.60   16.30   13.60   11.00   3.30   1.70
1968 0.00   0.90   5.00   8.60   10.40   14.90   16.00   16.10   13.50   10.70   3.20   -0.20
1969 2.10   -1.00   2.60   7.20   12.50   14.40   18.20   16.60   14.10   10.70   4.90   -1.80
1970 -0.30   0.40   2.00   5.30   11.90   17.00   15.70   16.90   14.10   9.30   6.10   1.50
1971 0.10   2.00   1.70   8.40   13.70   13.70   18.00   17.20   13.00   9.50   3.40   4.20
1972 -0.60   3.00   6.20   7.00   10.90   13.50   17.10   15.50   11.20   7.80   4.20   2.50
1973 0.50   1.30   4.40   5.50   12.00   16.20   16.90   18.30   14.80   8.00   3.80   2.00
1974 3.90   3.40   5.60   8.50   11.00   14.40   15.40   16.70   12.60   5.50   4.90   6.20
1975 4.60   2.40   3.70   6.90   10.90   14.60   17.90   19.20   15.10   7.40   3.70   1.90
1976 2.10   1.60   2.70   7.20   13.10   18.30   19.80   17.40   13.20   10.10   4.80   0.60
1977 1.20   4.00   6.50   5.80   11.30   14.40   16.60   15.70   12.40   10.50   4.90   3.90
1978 1.00   -0.10   5.50   6.60   11.30   14.20   15.30   14.90   12.70   9.50   3.70   2.30
1979 -4.00   -0.90   4.10   6.60   11.40   15.30   16.10   15.20   13.50   10.00   4.00   5.00
1980 -1.40   3.70   4.20   6.70   11.10   14.20   15.00   16.80   14.60   8.10   2.90   2.20
1981 0.10   0.10   7.60   8.00   12.50   14.50   16.30   16.70   14.40   8.10   5.00   0.50
1982 -0.70   1.70   4.60   7.00   12.40   16.30   18.80   16.90   16.00   9.60   6.30   3.30
1983 3.90   -0.60   4.90   7.90   10.10   16.20   20.60   18.30   13.90   9.40   4.10   3.00
1984 1.60   0.90   3.10   7.20   9.70   13.90   16.40   17.40   12.80   10.20   6.50   3.30
1985 -4.60   -1.50   3.20   7.80   12.60   13.40   17.50   15.80   14.30   9.10   1.00   4.90
1986 0.90   -5.10   3.50   5.40   13.10   16.30   17.10   15.90   11.40   10.60   6.10   4.00
1987 -4.80   0.70   1.40   9.90   9.60   13.70   16.80   16.10   15.10   9.90   4.60   3.40
1988 4.20   2.70   4.00   8.30   13.80   14.70   16.20   17.10   13.40   10.10   3.90   5.70
1989 2.40   3.40   7.80   6.50   14.50   15.40   18.20   17.50   14.90   11.20   3.80   4.10
1990 2.90   6.50   7.40   7.50   14.10   14.60   17.30   19.10   12.60   11.10   4.70   2.60
1991 1.50   -1.40   7.60   7.50   9.70   13.00   18.90   18.70   15.60   9.00   4.00   2.50
1992 0.90   3.30   5.90   8.00   14.70   16.30   18.40   18.50   13.90   6.90   6.10   3.20
1993 3.60   0.20   5.20   10.60   14.00   16.20   16.50   16.00   12.80   8.10   0.90   4.90
1994 3.20   1.40   7.10   7.80   12.30   15.90   21.20   17.90   13.20   8.80   8.40   5.30
1995 1.70   5.50   4.30   8.50   12.70   14.50   20.50   19.30   13.10   12.40   4.70   0.30
1996 -1.00   -0.40   2.80   8.80   10.40   15.80   16.50   17.20   11.90   9.80   4.40   0.00
1997 -2.50   4.90   7.40   7.40   12.60   15.60   17.30   20.20   14.70   8.80   5.20   4.30
1998 2.70   4.60   6.40   8.30   14.40   16.10   16.40   17.30   14.20   9.00   2.20   3.60
1999 3.50   1.70   6.50   9.20   14.10   15.30   19.40   17.70   17.20   9.50   4.20   3.90
2000 1.90   4.60   6.10   9.50   14.30   16.50   15.20   17.90   15.10   10.30   6.20   4.90
2001 1.50   3.50   5.00   7.30   14.20   14.60   18.40   18.60   12.30   12.90   4.70   2.10
2002 1.70   5.90   6.50   8.50   12.80   16.90   17.40   18.20   13.80   9.00   6.80   3.00
2003 0.40   0.20   7.00   9.00   13.40   18.80   19.20   20.00   14.60   6.70   6.40   3.50
2004 1.20   3.30   5.00   9.60   11.70   15.70   17.00   18.60   15.10   10.40   4.70   2.00
2005 2.70   0.50   5.30   9.60   12.50   17.10   18.20   16.20   15.80   12.50   4.80   2.80
2006 -0.70   0.90   3.10   8.20   13.30   16.90   20.70   15.70   17.50   12.80   7.40   5.20
2007 5.10   5.10   6.80   11.90   13.90   17.00   16.90   16.70   13.30   9.20   4.70   2.90
2008 4.20   4.10   5.00   7.80   15.30   16.40   18.00   17.40   12.90   9.10   5.30   2.00
2009 -1.70   1.80   5.30   11.60   13.70   15.60   18.20   19.00   15.00   9.50   7.80   2.20
2010 -2.20   0.90   5.10   9.20   10.50   16.80   20.20   16.70   13.20   9.00   4.80   -1.40
2011 1.70   3.20   6.30   12.00   14.20   16.30   15.90   17.50   15.80   10.50   6.00   5.50
2012 3.00   -1.20   7.90   7.80   14.00   15.20   17.20   18.90   13.90   9.60   5.40   4.20
2013 0.50   -0.10   1.70   8.00   10.80   15.40   19.80   18.20   14.10   11.30   4.80   4.80
2014 3.90   4.90   7.80   11.20   12.60   16.50   19.10   15.90   15.40   12.30   6.90   4.10
2015 2.20   1.80   5.70   8.90   12.30   16.00   19.40   19.30   13.10   9.00   7.90   8.10
2016 2.80   3.70   4.50   7.90   13.50   16.40   18.70   18.20   17.20   9.00   4.40   3.60
2017 -0.90   4.30   8.20   8.00   14.40   18.50   18.50   17.70   13.30   11.70   5.30   4.00
2018 4.30   -0.70   3.90   12.00   15.60   17.50   21.00   19.40   15.20   11.40   5.60   5.30
2019 1.30   5.20   7.30   9.90   11.10   18.80   19.40   19.00   14.50   10.90   5.00   5.30
2020 3.90   5.80   6.20   11.30   12.80   17.00   17.90   20.50   15.60   10.30   6.90   4.90
2021 1.40   3.40   5.80   6.30   10.50   18.40   17.80   16.60   15.70   10.20   4.90   4.80
2022 2.90   5.30   6.80   8.60   14.40   17.80   19.60   20.60   14.20   12.80   7.20   3.50
2023 3.80   4.40   6.40   8.00   13.20   19.10   18.60   17.80   17.80   12.20   6.10   6.00
2024 1.90   7.00   8.10   9.80   14.40   16.00   18.50   19.70   15.20   11.20   5.40   4.40
2025 1.80   2.70   7.00   10.70   13.60   18.70   18.90   18.70   14.60   10.60   5.80   5.10
